863 613 253 721 554 241 60 736 518 682 552 217 225 199 872 156 
375 853 63 111 44 544 805 739 495 792 897 10 255 901 329 929 
836 925 237 591 589 749 726 50 187 168 111 487 140 234 721 138
792 8 118 764 877 969 577 309 21 694 940 999 350 639 186 108
697 48 107 148 902 510 712 292 870 236 896 186 632 881 410 555
19 503 787 365 231 161 763 770 301 116 219 642 724 491 881 829
262 105 731 863 385 703 353 257 852 803 160 704 125 430 358 548
199 381 298 626 702 968 978 687 255 579 503 52 952 353 885 331
579 799 801 123 675 422 439 624 149 633 315 563 701 492 64 55
662 677 992 228 759 171 542 451 790 869 378 756 858 350 712 708
164 762 182 95 733 804 330 656 849 772 857 189 600 585 857 91
227 920 651 284 101 470 93 111 503 896 217 84 57 837 199 52
643 132 960 135 10 837 376 553 947 20 316 871 787 318 868 96
574 464 982 904 838 128 272 235 272 9 597 272 901 181 602 547
707 541 90 614 385 537 348 35 893 787 752 185 76 221 341 509
58 846 910 25 826 823 954 261 585 742 974 714 444 625 363 180