Embedded LL1 discompose:
-1.57263680625E7 -1.5722256E7 -1.56236310625E7 -1.55460305625E7 -1.5558479E7 -1.5582703375E7 -1.55578075625E7 -1.4885018E7 -1.30421126875E7 -1.3272324E7
Embedded HH1 discompose:
8174.125 -50.0 -32946.5 24622.375 -24593.875 57518.875 -16498.25 57389.875 -8274.125 -24850.875
E:\Work\PTIT\DWT\MyImage.jpg
E:\Work\PTIT\DWT\MyImage1.jpg
E:\Work\PTIT\DWT\MyImage2.jpg
PS E:\Work\PTIT\DWT> javac *.java
PS E:\Work\PTIT\DWT> java Test
Embedded LL1 discompose:

-1.57263680625E7 -1.5722256E7 -1.56236310625E7 -1.55460305625E7 -1.5558429E7 -1.5582653375E7 -1.55577575625E7 -1.4885018E7 -1.30421126875E7 -1.3272324E7
Embedded HH1 discompose:
8174.125 -50.0 -32946.5 24622.375 -24593.875 57518.875 -16498.25 57389.875 -8274.125 -24850.875




-0.5            0.0             0.0             0.0             -0.5            0.0             0.5             0.0             -0.5            0.0
0.0             0.0             0.5             0.5             0.0             0.5             0.0             0.0             0.0             0.0
0.0             0.0             0.5             0.0             -0.5            0.5             0.0             0.5             0.0             0.5
0.5             0.0             0.0             0.0             0.0             0.0             0.5             -0.5            0.0             -0.5
0.5             0.0             0.0             0.5             -0.5            0.5             0.0             -0.5            0.0             -0.5
0.0             0.0             0.0             0.5             0.5             0.5             0.5             -0.5            0.0             0.5
-0.5            -0.5            -0.5            1.0             0.0             0.0             0.0             0.0             0.5             0.0
-0.5            0.5             0.0             1.0             0.0             0.0             0.5             -0.5            0.0             0.0
0.0             0.5             -0.5            0.5             0.5             0.0             0.0             0.5             0.5             -0.5
0.0             0.0             0.0             0.0             0.0             0.5             0.0             0.0             0.5             0.0